
                     eHTEMPLATE OVERVIEW (CC.GR.TMPLTS)e@


                              +-------------------------------------------+
                              |     Maximum number of characters in       |
+---------------+-------------+----------+----------+----------+----------+
| Template      |   Maximum   |  Field 2 |  Field 3 |  Field 5 |  Field 6 |
+----+----------+------+------+----------+----------+----------+----------+
| Nb | Type     | Rows | Cols | Col Hdrs | Row Hdrs |    Title | SubTitle |
+----+----------+------+------+----------+----------+----------+----------+
| 01 | BARS     |    1 |   12 |       14 |       10 |       28 |       28 |
| 02 | BARS     |    2 |    2 |        9 |        9 |       35 |       35 |
| 03 | BARS     |    2 |    3 |       30 |       15 |       35 |       35 |
| 04 | BARS     |    2 |    4 |        9 |        9 |       35 |       20 |
| 05 | BARS     |    2 |    8 |        9 |       12 |       22 |       40 |
| 06 | BARS     |    2 |   12 |        9 |        9 |       20 |       25 |
| 07 | BARS     |    2 |   20 |        9 |       12 |       20 |       25 |
| 08 | BARS     |    3 |    7 |       10 |       15 |       25 |       25 |
| 09 | BARS     |    3 |   15 |        9 |        9 |       20 |       20 |
| 10 | BARS     |    4 |    2 |       12 |        8 |       20 |       25 |
| 11 | BARS     |    4 |    3 |       12 |        8 |       20 |       25 |
| 12 | BARS     |    4 |    4 |       12 |        8 |       35 |       35 |
| 13 | BARS     |    4 |    6 |       15 |       15 |       22 |       40 |
| 14 | BARS     |    4 |   12 |        ? |        ? |        ? |        ? |
| 15 | BARS     |    4 |   20 |       12 |       15 |       30 |       25 |
| 16 | BARS     |    5 |    1 |       12 |        9 |       20 |       30 |
| 17 | BARS     |    5 |    3 |       10 |        9 |       40 |       30 |
| 18 | BARS     |    5 |    6 |       12 |       12 |       30 |       30 |
| 19 | BARS     |    6 |    2 |       15 |        8 |       20 |       25 |
| 20 | BARS     |    8 |    2 |       12 |        8 |       20 |       25 |
| 21 | BARS     |    8 |    4 |        9 |        8 |       20 |       30 |
| 22 | BARS     |    8 |    8 |       20 |        7 |       30 |       25 |
| 23 | BARS     |    8 |   12 |        9 |        9 |       25 |       30 |
| 24 | BARS     |    8 |   20 |        9 |       10 |       20 |       20 |
| 25 | BARS     |    9 |    5 |       12 |        9 |       20 |       25 |
| 26 | BARS     |   10 |    2 |        9 |        9 |       20 |        ? |
| 27 | BARS     |   12 |    2 |       12 |        9 |       20 |       40 |
| 28 | BARS     |   12 |    4 |       15 |        9 |       40 |       40 |
| 29 | BARS     |   12 |   12 |       15 |       12 |       25 |       40 |
| 30 | BARS     |   12 |   16 |       20 |        9 |       50 |       35 |
| 31 | BARS     |   12 |   20 |       15 |        9 |       20 |       20 |
| 32 | BARS     |   20 |    2 |        9 |        9 |       25 |       40 |
| 33 | BARS     |   20 |    4 |       10 |       10 |       20 |       30 |
| 34 | BARS     |   20 |    8 |       15 |       15 |       22 |       25 |
| 35 | BARS     |   20 |   12 |       15 |        8 |       20 |       20 |
+----+----------+------+------+----------+----------+----------+----------+
| 36 | PIES     |    1 |    1 |        9 |        9 |       20 |       20 |
| 37 | PIES     |    1 |    2 |       12 |       12 |       30 |       40 |
| 38 | PIES     |    2 |    2 |       12 |        8 |       30 |       40 |
| 39 | PIES     |    4 |    4 |        9 |       12 |       25 |       40 |
| 40 | PIES     |    5 |    1 |       12 |        9 |       25 |       25 |
| 41 | PIES     |    5 |    3 |       12 |        9 |       20 |       25 |
+----+----------+------+------+----------+----------+----------+----------+
| 42 | LINE     |    1 |   16 |       12 |       12 |       20 |       40 |
| 43 | LINE     |    1 |   20 |       12 |        9 |       30 |       50 |
| 44 | LINE     |    2 |   10 |       12 |       12 |       40 |       40 |
| 45 | LINE     |    5 |    3 |        9 |        9 |       40 |       40 |
| 46 | LINE     |    6 |   16 |        ? |        ? |        ? |        ? |
| 47 | LINE     |    6 |   18 |       20 |       15 |       20 |       25 |
| 48 | LINE     |    6 |   20 |        ? |        ? |        ? |        ? |
| 49 | LINE     |    8 |   16 |        ? |        ? |        ? |        ? |
| 50 | LINE     |   12 |   24 |       10 |       10 |       40 |       20 |
| 51 | LINE     |   32 |   24 |        9 |       20 |       20 |       20 |
+----+----------+------+------+----------+----------+----------+----------+
| 52 | SURFACE  |    4 |    6 |        9 |        8 |       20 |       50 |
| 53 | SURFACE  |    4 |    8 |       15 |        9 |       40 |       40 |
| 54 | SURFACE  |    5 |    2 |        9 |        9 |       25 |       25 |
| 55 | SURFACE  |    6 |   17 |       12 |       10 |       50 |       40 |
| 56 | SURFACE  |    8 |   12 |       15 |        9 |       20 |       20 |
| 57 | SURFACE  |    8 |   13 |        9 |        9 |       20 |       30 |
| 58 | SURFACE  |    8 |   16 |        9 |        9 |       25 |       25 |
| 59 | SURFACE  |   10 |    7 |        9 |        9 |       20 |       25 |
| 60 | SURFACE  |   10 |    8 |        9 |        9 |       20 |       40 |
| 61 | SURFACE  |   11 |    7 |       10 |        9 |       20 |       30 |
| 62 | SURFACE  |   11 |   15 |        9 |        9 |       30 |       25 |
| 63 | SURFACE  |   12 |   12 |       15 |       15 |       50 |       40 |
| 64 | SURFACE  |   13 |    8 |        9 |       12 |       20 |       30 |
| 65 | SURFACE  |   15 |   15 |       20 |       12 |       20 |       30 |
| 66 | SURFACE  |   24 |   24 |        ? |        ? |        ? |        ? |
+----+----------+------+------+----------+----------+----------+----------+
| 67 | RIBBON   |    1 |   20 |       12 |       12 |       25 |       40 |
| 68 | RIBBON   |    4 |    4 |        9 |        8 |       20 |       30 |
| 69 | RIBBON   |    4 |   12 |        9 |        9 |       50 |       25 |
| 70 | RIBBON   |    4 |   20 |       12 |       10 |       20 |       25 |
| 71 | RIBBON   |    6 |   10 |        9 |       12 |       25 |       40 |
| 72 | RIBBON   |    6 |   17 |       12 |       12 |       20 |       30 |
| 73 | RIBBON   |    8 |   13 |        9 |        9 |       20 |       25 |
| 74 | RIBBON   |   18 |    5 |       12 |        9 |       20 |       25 |
+----+----------+------+------+----------+----------+----------+----------+
| 75 | OUTLINE  |    4 |    4 |        9 |        9 |       20 |       30 |
| 76 | OUTLINE  |    6 |   16 |        9 |        9 |       30 |       30 |
| 77 | OUTLINE  |   11 |   15 |        9 |       12 |       20 |       50 |
| 78 | OUTLINE  |   12 |    1 |       15 |       30 |       20 |       40 |
| 79 | OUTLINE  |   16 |    6 |        9 |       10 |       30 |       40 |
| 80 | OUTLINE  |   20 |    1 |        9 |        9 |       20 |       25 |
+----+----------+------+------+----------+----------+----------+----------+
| 81 | FREEFORM |    8 |    8 |       -- |       -- |       -- |       -- |
| 82 | FREEFORM |   13 |   13 |       -- |       -- |       -- |       -- |
| 83 | FREEFORM |   18 |   18 |       -- |       -- |       -- |       -- |
+----+----------+------+------+----------+----------+----------+----------+

