+---+--------+---+---+------+------+--------+-------
Nbr Type     Row Col ColHdr RowHdr Title    SubTitle
                     Fld 2  Fld 3  Fld 5    Fld 6
+---+--------+---+---+------+------+--------+-------
01  BARS     01  12  14     10     28       28
02  BARS     02  02  09     09     35       35
03  BARS     02  03  30     15     35       35
04  BARS     02  04  09     09     35       20
05  BARS     02  08  09     12     22       40
06  BARS     02  12  09     09     20       25
07  BARS     02  20  09     12     20       25
08  BARS     03  07  10     15     25       25
09  BARS     03  15  09     09     20       20
10  BARS     04  02  12     08     20       25
11  BARS     04  03  12     08     20       25
12  BARS     04  04  12     08     35       35
13  BARS     04  06  15     15     22       40
14  BARS     04  12  ??     ??     ??       ??
15  BARS     04  20  12     15     30       25
16  BARS     05  01  12     09     20       30
17  BARS     05  03  10     09     40       30
18  BARS     05  06  12     12     30       30
19  BARS     06  02  15     08     20       25
20  BARS     08  02  12     08     20       25
21  BARS     08  04  09     08     20       30
22  BARS     08  08  20     07     30       25
23  BARS     08  12  09     09     25       30
24  BARS     08  20  09     10     20       20
25  BARS     09  05  12     09     20       25
26  BARS     10  02  09     09     20       ??
27  BARS     12  02  12     09     20       40
28  BARS     12  04  15     09     40       40
29  BARS     12  12  15     12     25       40
30  BARS     12  16  20     09     50       35
31  BARS     12  20  15     09     20       20
32  BARS     20  02  09     09     25       40
33  BARS     20  04  10     10     20       30
34  BARS     20  08  15     15     22       25
35  BARS     20  12  15     08     20       20
+---+--------+---+---+------+------+--------+-------
36  PIES     01  01  09     09     20       20
37  PIES     01  02  12     12     30       40
38  PIES     02  02  12     08     30       40
39  PIES     04  04  09     12     25       40
40  PIES     05  01  12     09     25       25
41  PIES     05  03  12     09     20       25
+---+--------+---+---+------+------+--------+-------
42  LINE     01  16  12     12     20       40
43  LINE     01  20  12     09     30       50
44  LINE     02  10  12     12     40       40
45  LINE     05  03  09     09     40       40
46  LINE     06  16  ??     ??     ??       ??
47  LINE     06  18  20     15     20       25
48  LINE     06  20  ??     ??     ??       ??
49  LINE     08  16  ??     ??     ??       ??
50  LINE     12  24  10     10     40       20
51  LINE     32  24  09     20     20       20
+---+--------+---+---+------+------+--------+-------
52  SURFACE  04  06  09     08     20       50
53  SURFACE  04  08  15     09     40       40
54  SURFACE  05  02  09     09     25       25
55  SURFACE  06  17  12     10     50       40
56  SURFACE  08  12  15     09     20       20
57  SURFACE  08  13  09     09     20       30
58  SURFACE  08  16  09     09     25       25
59  SURFACE  10  07  09     09     20       25
60  SURFACE  10  08  09     09     20       40
61  SURFACE  11  07  10     09     20       30
62  SURFACE  11  15  09     09     30       25
63  SURFACE  12  12  15     15     50       40
64  SURFACE  13  08  09     12     20       30
65  SURFACE  15  15  20     12     20       30
66  SURFACE  24  24  ??     ??     ??       ??
+---+--------+---+---+------+------+--------+-------
67  RIBBON   01  20  12     12     25       40
68  RIBBON   04  04  09     08     20       30
69  RIBBON   04  12  09     09     50       25
70  RIBBON   04  20  12     10     20       25
71  RIBBON   06  10  09     12     25       40
72  RIBBON   06  17  12     12     20       30
73  RIBBON   08  13  09     09     20       25
74  RIBBON   18  05  12     09     20       25
+---+--------+---+---+------+------+--------+-------
75  OUTLINE  04  04  09     09     20       30
76  OUTLINE  06  16  09     09     30       30
77  OUTLINE  11  15  09     12     20       50
78  OUTLINE  12  01  15     30     20       40
79  OUTLINE  16  06  09     10     30       40
80  OUTLINE  20  01  09     09     20       25
+---+--------+---+---+------+------+--------+-------
81  FREEFORM 08  08  --     --     --       --
82  FREEFORM 13  13  --     --     --       --
83  FREEFORM 18  18  --     --     --       --
+---+--------+---+---+------+------+--------+-------

