*
QP20*
QF1842*
L0000 
1111111011111111110111111111110111111101010100
1111111010111111111011111111110111111101010100
0110011111111111111111111110111111111101110000
0101011011111111111111011111111101111101100100
0101011111111111111111011111111001111101100100
0101010110111111111011011111111101111101100100
1111111111011001011111111111111111111100110100
1111111111100101011111111111111111111100110100
1001010110100101011111111111111111111001110100
1111111111111111111111011111111001110101110100*
L0460 
0101011010101001011111111111111111110101110100
0000000000000000000000000000000000000000000000
0000000000000000000000000000000000000000000000
0000000000000000000000000000000000000000000000
0000000000000000000000000000000000000000000000
0000000000000000000000000000000000000000000000
0000000000000000000000000000000000000000000000
0000000000000000000000000000000000000000000000
0000000000000000000000000000000000000000000000
0000000000000000000000000000000000000000000000*
L0920 
0000000000000000000000000000000000000000000000
0000000000000000000000000000000000000000000000
0000000000000000000000000000000000000000000000
0000000000000000000000000000000000000000000000
0000000000000000000000000000000000000000000000
0000000000000000000000000000000000000000000000
0000000000000000000000000000000000000000000000
0000000000000000000000000000000000000000000000
0000000000000000000000000000000000000000000000
0000000000000000000000000000000000000000000000*
L1380 
0000000000000000000000000000000000000000000000
0000000000000000000000000000000000000000000000
0000000000000000000000000000000000000000000000
0000000000000000000000000011111111111111111111
1111111111111111000000000000000000000000000000
0000001111111111111111111111111111111111111111
1111111111111111111111111111111111111111111111
1111111111111111111111000000000000000000000000
0000000000001111111111111111111111111111111111
1111111111111111111111111111111111111111011101*
L1840 
00*
C4C15*
6B55
