*
QP20*
QF1842*
L0000 
0101100110100110100111011111111111110001110000
1010101010100101100111101111111111110001110000
1111111111111111111111110111111110110010110000
0110101010100110100111011111111111110010110000
1010011001100110100111101111111111110010110000
0101011010101010101011011111111111110011100000
0110100101101010101011101111111111110011100000
1111111111111111111101111111111101110011010000
0000000000000000000000000000000000000000000000
0000000000000000000000000000000000000000000000*
L0460 
0000000000000000000000000000000000000000000000
0000000000000000000000000000000000000000000000
0000000000000000000000000000000000000000000000
0000000000000000000000000000000000000000000000
0000000000000000000000000000000000000000000000
0000000000000000000000000000000000000000000000
0000000000000000000000000000000000000000000000
0000000000000000000000000000000000000000000000
0000000000000000000000000000000000000000000000
0000000000000000000000000000000000000000000000*
L0920 
0000000000000000000000000000000000000000000000
0000000000000000000000000000000000000000000000
0000000000000000000000000000000000000000000000
0000000000000000000000000000000000000000000000
0000000000000000000000000000000000000000000000
0000000000000000000000000000000000000000000000
0000000000000000000000000000000000000000000000
0000000000000000000000000000000000000000000000
0000000000000000000000000000000000000000000000
0000000000000000000000000000000000000000000000*
L1380 
0000000000000000000000000000000000000000000000
0000000000000000000000000000000000000000000010
0000000000000000000000000000000000000000000000
0000000000000000000000000000000000000000000000
0000000000000000000000000000000000000000000000
0000001111111111111111111111111111111111111111
1111111111111111111111111111111111111111111111
1111111111111111111111111111111111111111111111
1111111111110000000000000000000000000000000000
0000000000000000000000000000000000000000110100*
L1840 
00*
C2EBF*
6A98
